q_val=[-0.501232 -0.766755
-0.510511 -0.0502303
0 -0.000648321
-0.513589 -0.846939
-0.0930823 -0.795683
-0.311592 -0.545304
-0.648021 -0.982138
-0.568814 -0.874563
-0.298064 -0.982486
-0.215635 -0.137606
0 0
0 0
-0.00187819 -0.555434
-0.00361704 -0.391293
-0.139025 -0.16412
-0.00368903 -0.837052
-0.00360629 -0.571653
-0.133218 -0.841538
-0.0507538 -0.0188481
0 0
0 0
-0.00372059 -0.329285
-0.00367285 -0.18569
-0.135977 -0.170856
-0.461143 -0.00373203
-0.00361863 -0.330251
-0.113001 -0.693889
0 0
0 0
0 0
-0.00366186 -0.194188
-0.155999 -0.00361404
-0.113507 -0.123513
-0.0036797 -0.346064
-0.207457 -0.00359673
-0.116653 -0.650237
0 0
0 0
0 0
-0.00213514 -0.309898
-0.172718 -0.00518684
0 -0.1079
-0.00361319 -0.243138
-0.00360533 -0.206835
-0.636519 -0.132305
0 0
0 0
0 0
-0.144556 -0.00364975
-0.0771134 -0.0210244
0 0
-0.16551 -0.00362418
-0.158587 -0.00362864
-0.374902 -0.211176
-0.00347555 -0.77399
-0.0035258 -0.616136
-0.106914 -0.504323
-0.00313049 -0.585813
-0.003713 -0.596801
-0.128395 -0.607246
0 -0.147947
-0.00228127 -0.771586
-0.123451 -0.755588
-0.0036438 -0.603297
-0.00359898 -0.257259
-0.206788 -0.0570557
-0.00362307 -0.382697
-0.00359171 -0.371287
-0.112106 -0.5
-0.00359442 -0.355156
-0.0036053 -0.262787
-0.118164 -0.644523
-0.00367906 -0.523474
-0.176006 -0.0035923
-0.260802 -0.123644
-0.00362255 -0.283928
-0.00365292 -0.297026
-0.131728 -0.575553
-0.00362467 -0.34258
-0.367487 -0.00360602
-0.642031 -0.131431
-0.171532 -0.00363349
-0.22306 -0.00358239
-0.23236 -0.0663881
-0.216587 -0.00360618
-0.292188 -0.00360918
-0.428268 -0.130373
-0.00362541 -0.225257
-0.227817 -0.0036036
-0.129225 -0.45661
-0.00363081 -0.548513
-0.00380205 -0.266602
-0.440527 -0.263265
-0.24975 -0.00360602
-0.28515 -0.00359447
-0.495273 -0.129872
-0.0036098 -0.205869
-0.307067 -0.00359381
-0.682779 -0.130454
-0.77376 -0.00362846
-0.157245 -0.0037207
-0.171547 -0.59653
-0.5 -0.0036217
-0.517081 -0.00367586
-0.65652 -0.228626
-0.509119 -0.00365294
-0.660044 -0.00364845
-0.738258 -0.237833
-0.370486 -0.00191017
-0.133369 -0.00324312
-0.170283 -0.134333
0 0
-0.0717643 -0.156835
-0.125837 -0.117871
0 0
0 0
0 -0.0154927
-0.00362966 -0.594073
-0.218279 -0.00360067
-0.212051 -0.135078
-0.00218284 -0.131353
-0.157018 -0.00361596
-0.25783 -0.13189
0 0
0 0
-0.173715 -0.124563
-0.730761 -0.00363847
-0.236085 -0.00359838
-0.247882 -0.0995929
-0.113009 -0.00371922
-0.166205 -0.00363315
-0.282637 -0.127858
0 0
0 0
-0.148714 -0.12264
-0.491309 -0.00361331
-0.350425 -0.00364672
-0.412988 -0.130492
-0.132414 -0.0036204
-0.205388 -0.00362351
-0.163704 -0.394288
0 0
0 0
0 0
-0.71759 -0.00363045
-0.481988 -0.00380282
-0.597015 -0.153968
-0.138381 -0.00330384
-0.378168 -0.00370488
-0.515422 -0.142934
0 0
0 -0.00872049
-0.245491 -0.276829
-0.936938 -0.00367234
-0.8745 -0.00377582
-0.87475 -0.2341
0 -0.0656892
-0.622181 -0.267517
-0.853922 -0.294572
0 0
0 0
-0.679539 -0.69308]
save q_val